AI Platform Complete Expense Report
Generated: 2025-09-30 10:29:49
""
Cost Category,Jun 2024,Jul 2024,Aug 2024,Sep 2024,Oct 2024,Nov 2024,Dec 2024,Jan 2025,Feb 2025,Mar 2025,Apr 2025,May 2025,Jun 2025,Jul 2025,Aug 2025,Sep 2025
""
FIXED COSTS
Cursor (Fixed),50.00,50.00,50.00,50.00,50.00,50.00,50.00,50.00,50.00,50.00,50.00,50.00,50.00,50.00,50.00,50.00
Claude.ai (Fixed),40.00,40.00,40.00,40.00,40.00,40.00,40.00,40.00,40.00,40.00,40.00,40.00,40.00,40.00,40.00,40.00
""
VARIABLE COSTS (API)
Claude API,0.00,0.00,0.00,0.00,0.00,0.01,0.00,0.00,12.18,21.54,68.16,76.88,426.31,175.81,256.89,425.21
Cursor API,0.00,0.00,0.00,0.00,0.00,0.00,0.00,0.00,0.00,0.00,0.00,0.00,0.00,0.00,0.00,0.00
""
TOTAL
Monthly Total,90.00,90.00,90.00,90.00,90.00,90.01,90.00,90.00,102.18,111.54,158.16,166.88,516.31,265.81,346.89,515.21
Cumulative,90.00,180.00,270.00,360.00,450.00,540.01,630.01,720.01,822.19,933.73,1091.89,1258.77,1775.08,2040.89,2387.78,2902.99
""
SUMMARY STATISTICS
Total Fixed (16 mo),1440.00
Total API (actual),1462.99
Average Monthly API,162.55
Projected Total,2902.99
""
DATA AVAILABILITY
Months with actual data,9
Actual data months,"Nov 2024, Feb 2025, Mar 2025, Apr 2025, May 2025, Jun 2025, Jul 2025, Aug 2025, Sep 2025"
